radius
-1.0
0.5722283674296924
0.10056545076034908
0.5722283674296924
-1.0
0.2992371909817837
0.5722283674296924
0.05004877495783534
0.5722283674296924
0.5722283674296924
0.5722283674296924
0.5722283674296924
0.3412181615172971
-1.0
0.27993910377861314
0.5722283674296924
0.3459980935003145
0.0
0.5722283674296924
0.5722283674296924
0.33868430476327327
0.5722283674296924
0.20516111321621588
-1.0
0.5722283674296924
0.4535344982313118
-1.0
0.5443225868750309
0.5722283674296924
0.3748241828922735
0.5388717250694978
0.5722283674296924
0.415867649876941
0.2597731406224588
0.4648394157379967
0.5722283674296924
0.5722283674296924
-1.0
-1.0
0.5722283674296924
0.28221909661491634
0.556974181363382
0.5722283674296924
-1.0
0.5722283674296924
-1.0
0.5722283674296924
0.5722283674296924
-1.0
0.2921989024713394
0.030415882420677914
0.40507186686158353
0.5722283674296924
0.5506483841192065
-1.0
0.5722283674296924
0.32923824526906775
0.5722283674296924
0.24355846895656313
-1.0
0.02278293605357419
0.5237887889949397
0.5722283674296924
-1.0
0.27050681739894267
0.5722283674296924
0.5722283674296924
0.5722283674296924
0.5722283674296924
0.29426394003481715
0.5722283674296924
0.5722283674296924
0.5722283674296924
0.5722283674296924
0.5722283674296924
0.5722283674296924
0.5722283674296924
0.0
0.5111788011501223
-1.0
-1.0
0.5722283674296924
0.3736632036997814
0.4293867705970502
0.5722283674296924
-1.0
0.12039161863653364
0.5722283674296924
0.10663794925841424
-1.0
-1.0
0.2134512867010124
0.5722283674296924
0.5722283674296924
0.5722283674296924
0.5722283674296924
0.5722283674296924
0.5722283674296924
0.5072314422197648
0.5722283674296924
0.5722283674296924
0.5722283674296924
0.5722283674296924
0.4650134632980597
0.03745237216220414
0.3623913949013672
0.556974181363382
0.1691972619508023
0.5722283674296924
0.5722283674296924
0.3884721105719385
0.5722283674296924
-1.0
-1.0
0.5722283674296924
0.5722283674296924
0.0
0.5722283674296924
0.4999621156945009
0.5722283674296924
0.5722283674296924
0.5722283674296924
0.5722283674296924
0.3982539957324409
0.5722283674296924
0.34749398109572827
0.5722283674296924
0.5722283674296924
0.27301778632925383
-1.0
0.5722283674296924
0.5334208632639648
0.293045715680349
0.2667454614785516
0.5722283674296924
0.48097631886817466
0.5722283674296924
0.14672324626546573
0.336952013928533
0.5166914894792328
0.556974181363382
0.2795544220128545
0.5722283674296924
0.38976218366738147
0.5722283674296924
0.2227089639232651
-1.0
0.32941545747913886
-1.0
0.48690538465627997
0.3320512810143226
0.4753767650336939
0.08437440617886187
-1.0
0.2211610298666429
0.32515071711008314
0.5443225868750309
0.37664104016293887
0.298643246842902
-1.0
-1.0
-1.0
0.5722283674296924
-1.0
0.5722283674296924
-1.0
0.5722283674296924
0.4146236804529892
0.5166914894792328
0.5722283674296924
0.5722283674296924
0.5722283674296924
0.5722283674296924
0.5451975223136734
0.2576423378801238
0.5722283674296924
-1.0
-1.0
-1.0
0.3645731190622108
0.028213189489085952
0.5722283674296924
0.5722283674296924
0.5722283674296924
0.5722283674296924
0.21534560931580204
0.3715083941187227
0.5722283674296924
0.5722283674296924
0.5722283674296924
0.2693050231977251
0.5722283674296924
0.24024440108233758
-1.0
-1.0
0.5722283674296924
0.5722283674296924
-1.0
0.5722283674296924
0.5722283674296924
0.362647186088995
-1.0
0.198769605207082
0.5722283674296924
0.5722283674296924
0.5237887889949397
0.4372241362197445
0.28766183521899336
0.5722283674296924
0.3470403395034757
0.5722283674296924
0.5722283674296924
0.5722283674296924
0.5722283674296924
0.5722283674296924
0.5722283674296924
0.556974181363382
0.556974181363382
0.5722283674296924
-1.0
-1.0
0.02822769131717211
0.4143688425617049
-1.0
0.5722283674296924
0.20442434617148592
0.5722283674296924
0.04836734965094412
-1.0
-1.0
0.5722283674296924
0.5722283674296924
-1.0
0.26427841816806924
0.5722283674296924
0.5722283674296924
-1.0
0.5722283674296924
0.41945320812273695
-1.0
0.3531198281299939
0.5722283674296924
0.21469736428773317
0.3808480603407507
-1.0
0.5722283674296924
0.556974181363382
0.27113692409799206
-1.0
-1.0
0.5151261600804795
0.5722283674296924
0.08432035358245742
0.018547326286249763
0.5722283674296924
0.20110386854595408
0.5722283674296924
0.12185761308124987
-1.0
0.45557180195161306
0.3365735971282822
0.3327726759258418
0.5722283674296924
0.5722283674296924
0.5242735116722221
0.27467964650536403
0.3623913949013672
0.5722283674296924
0.4900593461066598
0.42078020068893707
0.556974181363382
0.4781765419509344
0.5722283674296924
0.5722283674296924
0.5722283674296924
0.5237887889949397
0.1517216424591502
0.5722283674296924
0.4934337501753905
-1.0
0.5722283674296924
-1.0
0.5722283674296924
-1.0
0.5722283674296924
-1.0
0.5722283674296924
-1.0
0.3321238263027306
0.5722283674296924
0.5443225868750309
0.5388717250694978
0.556974181363382
-1.0
0.5010157723683798
-1.0
-1.0
0.5722283674296924
0.5722283674296924
0.5722283674296924
0.0671967446187164
0.5722283674296924
0.5506483841192065
-1.0
-1.0
0.5722283674296924
0.5722283674296924
0.46018949568821954
0.556974181363382
0.22234050073514822
0.5722283674296924
0.5722283674296924
0.3910773070471536
0.487094813212607
0.0423682137866267
0.2490014838289851
0.5722283674296924
0.5506483841192065
-1.0
0.08021563625649455
0.5722283674296924
0.556974181363382
-1.0
0.556974181363382
0.4781765419509344
0.5722283674296924
0.5722283674296924
0.2631455282149253
0.5722283674296924
0.5722283674296924
0.3403760946008883
0.5334208632639648
0.5722283674296924
0.5722283674296924
0.3071682716029365
0.3833346142938607
0.556974181363382
-1.0
-1.0
0.2758973789477451
0.2547212986118378
0.13041388561448686
0.46112813290404886
0.22246692578760818
0.007903742775898415
0.5722283674296924
0.5722283674296924
-1.0
0.40507186686158353
0.5722283674296924
0.35447971005547796
0.5722283674296924
-1.0
0.3960510669478885
0.0
0.26736784056884855
0.5722283674296924
0.5722283674296924
0.5722283674296924
0.4091561107606149
0.05225301055859828
0.25236213591257106
0.16970733938108373
0.5722283674296924
0.5722283674296924
0.5722283674296924
0.5722283674296924
-1.0
0.5722283674296924
0.2541515964435431
-1.0
0.5722283674296924
0.5722283674296924
0.5722283674296924
-1.0
0.556974181363382
0.3563750358864997
0.35603312393310227
0.5722283674296924
0.5722283674296924
0.5722283674296924
0.5722283674296924
0.5722283674296924
0.332954945918233
0.47058290727819707
0.07168281999235925
0.4753767650336939
0.5722283674296924
0.5722283674296924
0.04079298059774124
0.5722283674296924
0.15781945971226102
0.5722283674296924
0.5722283674296924
0.34406738197652226
0.5722283674296924
0.5722283674296924
0.5722283674296924
-1.0
0.5722283674296924
0.5722283674296924
0.5722283674296924
0.5111788011501223
0.5722283674296924
0.0
0.34376897616516605
0.5722283674296924
-1.0
0.4551771861305315
0.556974181363382
0.5722283674296924
-1.0
0.5722283674296924
0.5722283674296924
0.5722283674296924
0.5286048261294523
0.5722283674296924
-1.0
0.5075441378874902
0.3103222265990196
0.5722283674296924
-1.0
0.5722283674296924
0.5722283674296924
0.2619652029877386
0.5722283674296924
0.4490101280785226
0.556974181363382
0.4142587767512692
0.12332103546002464
0.5722283674296924
-1.0
0.4999621156945009
0.41112180867513426
0.30840688963404517
0.37807573639870384
0.5722283674296924
0.5722283674296924
0.5722283674296924
0.40507186686158353
0.5722283674296924
0.5722283674296924
-1.0
0.13456556734547892
0.5388717250694978
0.26741987584916044
0.5722283674296924
-1.0
0.5722283674296924
0.5722283674296924
-1.0
0.22103382310522202
0.5722283674296924
0.47123859330394635
0.5722283674296924
0.5722283674296924
0.06920149957393418
0.2956279876236346
-1.0
0.5722283674296924
0.1850209992505991
-1.0
0.5722283674296924
0.2581135453492634
0.5722283674296924
-1.0
0.20260075943974754
0.4999621156945009
0.4941038805439696
0.5443225868750309
0.5722283674296924
0.3738662584335954
0.5722283674296924
0.2011103634115819
-1.0
0.556974181363382
0.5151261600804795
0.5722283674296924
0.031700084208576604
0.5722283674296924
0.5443225868750309
0.0
0.5722283674296924
0.5722283674296924
0.23475536364667038
0.5722283674296924
0.5722283674296924
0.5722283674296924
0.5722283674296924
0.42960084327995673
0.5722283674296924
0.5722283674296924
-1.0
0.5722283674296924
0.5722283674296924
0.5722283674296924
0.13002919631152376
0.5722283674296924
0.5388717250694978
0.556974181363382
0.5722283674296924
0.5722283674296924
0.25827255784580516
0.556974181363382
0.010151059776052638
0.5506483841192065
0.556974181363382
0.4143688425617049
0.13310651699681536
0.5722283674296924
0.44284468581953207
0.16745579056026055
0.5722283674296924
0.4896802954732763
0.5722283674296924
0.556974181363382
-1.0
-1.0
0.5722283674296924
0.556974181363382
0.3140099679480395
0.5722283674296924
-1.0
0.5722283674296924
0.38745163745980254
0.5722283674296924
0.4143201804582186
-1.0
-1.0
0.5722283674296924
-1.0
-1.0
0.5722283674296924
0.5388717250694978
0.5722283674296924
0.556974181363382
0.5722283674296924
0.5722283674296924
0.5722283674296924
0.5722283674296924
0.3972282114844975
0.04760724525741457
0.4700667641299253
0.556974181363382
0.556974181363382
0.022535432322828362
0.5722283674296924
0.4651281299090723
-1.0
0.12565401364890916
0.5334208632639648
0.0009363684278361137
0.5722283674296924
0.5722283674296924
-1.0
0.06686844017614729
0.5722283674296924
-1.0
0.5506483841192065
0.5722283674296924
0.5286048261294523
0.5722283674296924
0.45114075538264126
0.2899316416368404
0.5722283674296924
0.4512256513630086
-1.0
0.5722283674296924
-1.0
0.5722283674296924
0.5242735116722221
0.556974181363382
0.5722283674296924
0.3645731190622108
0.5722283674296924
0.5722283674296924
0.5722283674296924
0.5722283674296924
0.5722283674296924
0.1430226207902301
0.2500566586522571
0.5722283674296924
0.5722283674296924
0.5722283674296924
0.5722283674296924
0.43963612002466457
0.5722283674296924
0.5722283674296924
0.5722283674296924
0.5722283674296924
-1.0
0.4753767650336939
0.5722283674296924
0.47272176458180964
-1.0
0.007321048984457863
0.5072314422197648
0.5722283674296924
0.5722283674296924
0.5722283674296924
0.08568455113902398
0.5722283674296924
0.5722283674296924
-1.0
0.5722283674296924
-1.0
-1.0
0.5722283674296924
-1.0
0.5722283674296924
0.5722283674296924
-1.0
0.15513554080355246
0.5722283674296924
0.5334208632639648
-1.0
0.1116427653048793
0.5722283674296924
0.5722283674296924
0.5722283674296924
0.5722283674296924
0.5722283674296924
-1.0
0.5722283674296924
0.5722283674296924
0.5722283674296924
0.5722283674296924
0.5722283674296924
0.3669427271757487
0.5722283674296924
0.14380094901651547
-1.0
0.5722283674296924
-1.0
-1.0
0.40805787796327275
0.5722283674296924
0.5237887889949397
0.42422444816393656
0.46018949568821954
0.5722283674296924
0.5506483841192065
0.5722283674296924
0.5722283674296924
-1.0
0.23088646462856915
0.34898175458694514
0.16549165904319682
0.5722283674296924
-1.0
0.5237887889949397
0.48394085176222723
0.5722283674296924
0.556974181363382
0.5722283674296924
-1.0
0.5151261600804795
0.43652416247711306
0.45335627866712724
0.4735474401722496
-1.0
-1.0
-1.0
0.5722283674296924
0.5722283674296924
0.5722283674296924
-1.0
-1.0
0.5722283674296924
0.5722283674296924
0.16383646297530097
-1.0
-1.0
0.5722283674296924
0.11309428222176059
0.2205290763908737
0.5722283674296924
0.5722283674296924
0.5722283674296924
0.5443225868750309
0.5722283674296924
0.5722283674296924
0.5722283674296924
0.5203261527418649
0.5722283674296924
0.5340556879349851
0.5722283674296924
0.556974181363382
0.5722283674296924
0.2576423378801238
0.5722283674296924
-1.0
-1.0
0.5722283674296924
-1.0
0.5722283674296924
0.5722283674296924
0.049268659947924565
0.5722283674296924
0.5722283674296924
0.5722283674296924
-1.0
-1.0
0.12691247815269274
0.048768352028685985
0.5722283674296924
-1.0
-1.0
0.13494958620498612
0.5722283674296924
0.5722283674296924
-1.0
0.5722283674296924
0.5722283674296924
0.5194574745377096
-1.0
0.47272176458180964
0.5722283674296924
0.20110386854595408
0.5722283674296924
0.5722283674296924
0.09958278637405928
0.0
0.5722283674296924
0.5722283674296924
-1.0
0.28628652174825875
0.5722283674296924
0.18239239992108283
0.5722283674296924
0.21157002849993764
0.5237887889949397
0.5075441378874902
0.5722283674296924
0.5722283674296924
-1.0
-1.0
0.5443225868750309
0.5722283674296924
0.5722283674296924
0.16918967380155642
0.27962635697705757
-1.0
0.5722283674296924
0.05363912506304687
0.5722283674296924
0.44687950077440386
0.5722283674296924
0.5722283674296924
0.5722283674296924
-1.0
0.2575138602795579
0.5722283674296924
0.5722283674296924
-1.0
0.5722283674296924
0.35503098802074257
0.16301199889792362
0.556974181363382
0.5722283674296924
0.5722283674296924
0.556974181363382
0.0
-1.0
-1.0
0.23012641874590573
-1.0
0.5722283674296924
0.5722283674296924
0.5722283674296924
0.5722283674296924
-1.0
0.5722283674296924
-1.0
0.5722283674296924
0.2308394545774145
0.5722283674296924
0.5722283674296924
0.3539724389711502
0.5722283674296924
-1.0
0.5722283674296924
-1.0
0.11380828480975083
0.5722283674296924
0.5722283674296924
-1.0
0.3701795097943189
0.5443225868750309
0.15287424476186198
0.11462028862195303
0.5722283674296924
0.5722283674296924
0.556974181363382
0.4230866712764263
0.5722283674296924
0.5722283674296924
0.5722283674296924
0.3581224948511933
0.30807406334165055
-1.0
-1.0
-1.0
0.1556823076804424
0.556974181363382
0.556974181363382
0.5722283674296924
0.09907188022089783
0.5722283674296924
0.5722283674296924
-1.0
0.15490104843415045
0.5722283674296924
-1.0
-1.0
0.5722283674296924
0.5722283674296924
0.5722283674296924
0.5722283674296924
0.3259508758096583
0.2220474686214923
0.08175753864689823
-1.0
0.5722283674296924
-1.0
0.49321330755703946
0.5722283674296924
0.5722283674296924
0.01708661080192046
0.3435652031183795
0.5722283674296924
0.5722283674296924
0.5722283674296924
0.5722283674296924
0.5722283674296924
0.5722283674296924
-1.0
0.3020041003288965
0.5722283674296924
0.5722283674296924
0.5722283674296924
-1.0
0.5155101156073524
0.3795221529163668
-1.0
-1.0
0.2454108029018303
0.5722283674296924
0.5334208632639648
0.5722283674296924
0.18624950489159553
0.5722283674296924
0.5722283674296924
0.5722283674296924
0.33291623970866524
0.362791686391058
0.5722283674296924
-1.0
0.500222374888402
0.35603312393310227
0.5722283674296924
0.5722283674296924
0.5722283674296924
0.5722283674296924
-1.0
0.5722283674296924
0.5722283674296924
0.18004749392364858
0.24439687391286527
0.5722283674296924
0.5722283674296924
0.5722283674296924
-1.0
-1.0
-1.0
0.12442955724919467
0.41129044529479336
0.5722283674296924
0.5722283674296924
0.3801365980142538
0.5722283674296924
0.4556651255354305
0.5722283674296924
0.35603312393310227
0.3833346142938607
0.22519347757287364
0.3253021956621829
0.5722283674296924
0.37761749431247316
0.5722283674296924
-1.0
0.34445706650555785
0.556974181363382
0.5722283674296924
0.5722283674296924
0.556974181363382
-1.0
0.5722283674296924
0.5722283674296924
0.38673631719207713
0.5722283674296924
0.5722283674296924
0.5722283674296924
0.5722283674296924
-1.0
-1.0
0.2876366562208603
0.47019511416587667
0.556974181363382
-1.0
0.25646436048438137
0.556974181363382
0.5722283674296924
0.5722283674296924
0.5722283674296924
0.5722283674296924
-1.0
0.556974181363382
0.5722283674296924
0.5722283674296924
0.556974181363382
-1.0
0.1222105715861621
0.5388717250694978
0.2417017835644188
0.5722283674296924
0.36678792833733687
0.44277344681971376
0.12590444035137982
-1.0
0.4331222029090188
0.11894273890204349
0.16882770070727093
0.5722283674296924
0.5722283674296924
0.5722283674296924
0.28766183521899336
0.5722283674296924
-1.0
0.44687950077440386
-1.0
0.5722283674296924
0.3208859767410275
0.5722283674296924
0.5722283674296924
0.5722283674296924
0.5194574745377096
0.42417549404439503
0.556974181363382
0.49321330755703946
0.2428424699597927
0.281578366829328
0.5722283674296924
0.3209599038844049
0.40982896560270554
0.5722283674296924
-1.0
-1.0
0.5722283674296924
0.4743925547543262
0.5722283674296924
0.5722283674296924
0.5722283674296924
0.2686164295368113
0.3177172748615927
0.10537970685226257
0.18174736231188657
-1.0
0.27498645127855237
0.5722283674296924
0.44277344681971376
0.556974181363382
0.5722283674296924
0.5722283674296924
0.556974181363382
-1.0
0.5722283674296924
0.5722283674296924
0.4512256513630086
-1.0
0.5722283674296924
0.5722283674296924
0.2724172405199784
0.020248587019359224
0.5155101156073524
0.5722283674296924
0.40072227147788164
0.5722283674296924
-1.0
0.5722283674296924
0.5722283674296924
-1.0
0.5722283674296924
0.11832527038058145
-1.0
-1.0
0.5722283674296924
0.5722283674296924
0.3020102920013762
0.34216027165074353
