radius
-1.0
-1.0
0.5722283674296924
0.13153629278538467
0.5722283674296924
0.5237887889949397
0.3235848576705391
-1.0
0.5722283674296924
0.5722283674296924
0.5722283674296924
0.5722283674296924
0.0
-1.0
0.5722283674296924
0.3088630597203881
0.5722283674296924
-1.0
-1.0
0.14983299394245042
-1.0
-1.0
0.37251282015959486
-1.0
0.5722283674296924
-1.0
0.5722283674296924
0.036073480913231384
0.5334208632639648
0.5722283674296924
0.5722283674296924
-1.0
-1.0
0.22092784974553392
-1.0
0.5443225868750309
0.04794371630756111
-1.0
0.5035967789571328
0.556974181363382
0.5722283674296924
0.5722283674296924
0.03905870997295467
-1.0
0.14809929454617293
-1.0
-1.0
-1.0
0.0884299810130677
0.40215070117731433
-1.0
0.5722283674296924
0.5722283674296924
0.5722283674296924
0.26560996773395357
0.08125091826346242
-1.0
0.42592209484166565
-1.0
0.5722283674296924
-1.0
-1.0
-1.0
0.5722283674296924
0.556974181363382
0.5722283674296924
0.39929384177844895
0.06654982827185375
0.5722283674296924
-1.0
0.5722283674296924
-1.0
0.42071935802416827
0.30181538358907245
0.5722283674296924
0.5242735116722221
0.5722283674296924
0.5722283674296924
0.5722283674296924
0.5722283674296924
-1.0
-1.0
-1.0
0.5722283674296924
0.4753767650336939
0.3402046958848789
0.5722283674296924
0.027529165934480335
0.5722283674296924
0.5722283674296924
-1.0
-1.0
0.3226331276407274
0.5334208632639648
0.5722283674296924
0.5443225868750309
0.5722283674296924
0.1761344795295521
0.5722283674296924
0.5722283674296924
-1.0
0.38482249296189713
0.5722283674296924
0.5722283674296924
0.5722283674296924
-1.0
0.2273504219503341
0.24498406912442233
0.5722283674296924
0.5722283674296924
0.5722283674296924
0.5722283674296924
0.5722283674296924
-1.0
0.5722283674296924
0.5722283674296924
0.5722283674296924
0.44305918130500516
0.5722283674296924
0.5722283674296924
0.23138750971255828
0.2679800917497617
0.5722283674296924
0.4900593461066598
0.5722283674296924
-1.0
0.12368859875562793
0.5722283674296924
0.4448264737970587
-1.0
0.20443956673406327
0.2877424684047666
0.0
0.5722283674296924
-1.0
0.41112180867513426
0.0885267098108864
0.4276686956389361
0.2754124567738368
0.5722283674296924
0.48097631886817466
-1.0
0.26496683482033345
0.5722283674296924
0.5443225868750309
-1.0
0.39755341854600995
-1.0
0.3031705768962815
0.07583839412669366
0.5722283674296924
-1.0
-1.0
0.5722283674296924
0.5451975223136734
0.11673630993345688
0.5722283674296924
0.028502254842555676
-1.0
0.5722283674296924
0.5722283674296924
-1.0
0.5722283674296924
-1.0
0.5722283674296924
0.5722283674296924
0.28086928790159327
0.5722283674296924
-1.0
0.5722283674296924
0.19361821746166497
-1.0
-1.0
-1.0
0.5722283674296924
0.2885199310802097
0.5722283674296924
-1.0
0.5722283674296924
0.5722283674296924
0.5722283674296924
0.5722283674296924
-1.0
0.3391089393007014
0.5722283674296924
-1.0
0.37600447419272287
0.5722283674296924
0.5443225868750309
0.5722283674296924
0.5722283674296924
0.24332617018867325
0.20448017616957187
0.5722283674296924
0.5722283674296924
0.18036419130385312
0.5722283674296924
0.05014551649952659
0.3820913373173057
-1.0
0.5443225868750309
0.5722283674296924
0.13628239741047182
0.5722283674296924
0.038416053320384315
-1.0
0.4700667641299253
0.5722283674296924
0.4999621156945009
0.5722283674296924
0.4767014016226294
0.5722283674296924
0.5722283674296924
-1.0
0.5722283674296924
0.5722283674296924
-1.0
0.2997225254302935
0.5722283674296924
0.5722283674296924
-1.0
0.513317085410502
-1.0
0.4481401309443642
-1.0
0.5722283674296924
0.5722283674296924
-1.0
-1.0
0.33117558083655335
0.27908234401578463
0.020893612074488047
-1.0
-1.0
0.08279277125651549
0.47555143553857104
0.5334208632639648
0.5722283674296924
0.5722283674296924
0.556974181363382
0.5722283674296924
-1.0
0.556974181363382
0.34220606803330234
0.43653719723766604
0.28697417848362605
-1.0
0.011962850758242423
0.43126679859066863
0.26020010172244296
0.5722283674296924
0.5722283674296924
0.5443225868750309
0.16493124740061776
-1.0
0.556974181363382
0.0
0.5722283674296924
0.556974181363382
0.18357703700571257
-1.0
0.5722283674296924
0.43126679859066863
-1.0
-1.0
0.5722283674296924
0.18079174528777253
0.5722283674296924
-1.0
0.3088923398365609
0.10933607794860668
0.5722283674296924
-1.0
-1.0
0.5722283674296924
0.3471871117000064
-1.0
-1.0
0.43765812471351817
0.23950241695204474
0.556974181363382
0.5722283674296924
0.21801759160714823
-1.0
0.3738662584335954
0.5722283674296924
0.5722283674296924
0.5722283674296924
0.5722283674296924
0.5722283674296924
-1.0
0.5722283674296924
0.16219879006713694
0.11780680483435743
0.5111788011501223
0.5194574745377096
0.5722283674296924
0.5722283674296924
0.5722283674296924
-1.0
0.4700667641299253
-1.0
0.2730472062436806
0.5722283674296924
-1.0
0.13041951778764826
-1.0
-1.0
0.5722283674296924
0.32340136340240044
-1.0
0.5722283674296924
-1.0
0.4080609311772724
0.40507186686158353
0.5722283674296924
0.002700453569913913
0.5722283674296924
0.5722283674296924
0.5443225868750309
-1.0
0.5722283674296924
0.5035967789571328
0.556974181363382
-1.0
0.5722283674296924
0.5722283674296924
0.007009032757030861
0.5722283674296924
-1.0
0.5722283674296924
0.32260266069245436
-1.0
-1.0
-1.0
-1.0
0.5722283674296924
0.5722283674296924
0.5722283674296924
0.5722283674296924
0.5722283674296924
0.5722283674296924
0.5506483841192065
0.20460322637268635
0.556974181363382
0.44277344681971376
0.4022794573280081
0.46206880486944796
0.031081335266069328
0.5111788011501223
0.5722283674296924
0.5722283674296924
0.5151261600804795
-1.0
0.14972312683868685
0.5722283674296924
0.5722283674296924
-1.0
0.45557180195161306
0.5286048261294523
0.0
-1.0
0.006702330432071155
0.5722283674296924
0.5722283674296924
0.24453412641164335
0.5334208632639648
0.29478274371716245
-1.0
0.5722283674296924
0.5722283674296924
0.04475126759743339
0.5722283674296924
0.5722283674296924
-1.0
0.3159994143597565
-1.0
0.5722283674296924
0.4999621156945009
0.5388717250694978
-1.0
0.36133203333292974
0.5722283674296924
0.5111788011501223
0.5722283674296924
0.5722283674296924
0.5722283674296924
0.5722283674296924
0.500222374888402
-1.0
0.4584731324521646
0.4297950357767987
0.5722283674296924
0.34406738197652226
0.1601846324101971
-1.0
0.42622706511499103
0.21769277806988774
-1.0
0.34898175458694514
0.5722283674296924
0.5722283674296924
0.5722283674296924
-1.0
0.5722283674296924
0.5722283674296924
0.5722283674296924
0.32140438349706624
0.5722283674296924
-1.0
-1.0
0.16195525421261878
-1.0
0.5722283674296924
0.5334208632639648
-1.0
0.5722283674296924
0.5722283674296924
0.15568325404661137
0.5722283674296924
-1.0
0.5722283674296924
0.5506483841192065
0.5722283674296924
0.23300696590832234
-1.0
0.5722283674296924
0.5722283674296924
0.556974181363382
0.5722283674296924
0.10979128300390219
-1.0
0.07820045370118514
0.5722283674296924
0.14383060684354357
-1.0
0.4159510046820357
-1.0
-1.0
-1.0
0.5722283674296924
-1.0
-1.0
0.5722283674296924
0.24439687391286527
-1.0
0.5722283674296924
0.38596268369395215
0.415867649876941
0.5722283674296924
0.3786088372001635
-1.0
-1.0
-1.0
0.5722283674296924
0.5722283674296924
0.15811660512144016
0.34220606803330234
0.5722283674296924
0.5722283674296924
0.18927657118937105
0.5722283674296924
0.3286001927742428
-1.0
0.5722283674296924
-1.0
0.5722283674296924
0.5722283674296924
0.35603312393310227
0.5722283674296924
0.5722283674296924
0.5194574745377096
0.006337912062422239
0.5722283674296924
0.0
0.31923908827265174
-1.0
-1.0
0.21652354715426866
0.5722283674296924
-1.0
0.5722283674296924
-1.0
0.5722283674296924
-1.0
0.5722283674296924
0.556974181363382
0.5722283674296924
0.04195522265933477
-1.0
0.5722283674296924
-1.0
0.5722283674296924
0.1887421411688053
0.5722283674296924
0.5722283674296924
0.5722283674296924
-1.0
0.5722283674296924
0.5722283674296924
0.4700667641299253
0.5722283674296924
0.2046836889324538
0.45152273033631496
-1.0
0.5334208632639648
0.5722283674296924
0.5722283674296924
0.0807480695861866
0.5722283674296924
0.3805275745724843
0.5722283674296924
0.5722283674296924
0.5722283674296924
0.5722283674296924
-1.0
0.20961007079260868
-1.0
-1.0
0.052980456245868154
0.0
0.5722283674296924
0.5722283674296924
0.556974181363382
0.5722283674296924
-1.0
0.5722283674296924
0.5722283674296924
0.290888796695855
0.5722283674296924
0.3421717166801864
0.5722283674296924
0.446341079468498
0.35206029417575385
0.5722283674296924
0.556974181363382
0.36342307692053255
0.5722283674296924
-1.0
-1.0
-1.0
0.5722283674296924
-1.0
-1.0
-1.0
-1.0
-1.0
0.02183207278433357
0.04615502642342158
0.11572909923341189
0.5722283674296924
0.2031614729401792
0.5722283674296924
0.556974181363382
0.37364389159182415
0.47272176458180964
-1.0
0.5722283674296924
0.5722283674296924
0.3982539957324409
0.5722283674296924
0.5722283674296924
0.08076490789681927
-1.0
0.224087429189438
0.5722283674296924
-1.0
-1.0
0.3131093725827139
-1.0
0.029265981709470704
0.08911842999864708
0.4142587767512692
0.5722283674296924
-1.0
0.5334208632639648
0.009841754604118983
0.391103569091825
0.40507186686158353
-1.0
0.5075441378874902
0.5722283674296924
0.0
0.5722283674296924
0.5722283674296924
0.5722283674296924
0.08260001688204616
0.5151261600804795
-1.0
-1.0
-1.0
0.556974181363382
0.4556651255354305
0.5722283674296924
0.5722283674296924
0.5722283674296924
-1.0
0.5722283674296924
0.5443225868750309
-1.0
0.5722283674296924
0.2991395160836417
0.4628576277604701
0.5722283674296924
-1.0
0.5722283674296924
0.4650134632980597
0.40215070117731433
-1.0
0.48097631886817466
0.5722283674296924
-1.0
-1.0
-1.0
0.5722283674296924
0.062708385500968
0.5722283674296924
0.44277344681971376
-1.0
0.0
0.10108055710575475
-1.0
-1.0
0.4650134632980597
0.5722283674296924
-1.0
0.10519968442776034
0.5722283674296924
-1.0
0.5722283674296924
0.5722283674296924
0.5722283674296924
0.5722283674296924
0.5722283674296924
0.5722283674296924
0.224087429189438
0.5722283674296924
0.48394085176222723
-1.0
0.5722283674296924
0.4370201227051912
0.0
-1.0
0.26068771103530775
0.5722283674296924
-1.0
-1.0
-1.0
0.17998611923973173
0.33484575443149484
-1.0
-1.0
0.5722283674296924
0.4445944786712275
-1.0
-1.0
-1.0
0.5722283674296924
0.5722283674296924
0.23671624780716055
-1.0
0.3455166839837947
-1.0
0.06323914593264042
0.5722283674296924
-1.0
0.025626489277553392
-1.0
0.5722283674296924
0.556974181363382
-1.0
-1.0
0.0
0.33117558083655335
-1.0
0.556974181363382
0.5722283674296924
-1.0
-1.0
0.5722283674296924
-1.0
0.5443225868750309
-1.0
0.31760000784951714
0.38012843512579175
-1.0
0.19810500491626865
-1.0
0.4535344982313118
-1.0
-1.0
-1.0
0.5722283674296924
0.529724373477755
-1.0
0.09017093550300974
-1.0
0.5722283674296924
0.0
0.5722283674296924
0.5722283674296924
0.45557180195161306
0.1286379680916656
0.5722283674296924
-1.0
0.5722283674296924
0.556974181363382
0.5722283674296924
0.3690370863817981
0.5722283674296924
0.5722283674296924
0.556974181363382
-1.0
-1.0
0.5722283674296924
0.5722283674296924
-1.0
-1.0
0.5722283674296924
-1.0
-1.0
0.5334208632639648
0.4142587767512692
0.5722283674296924
0.1677142049367694
0.5111788011501223
0.5722283674296924
-1.0
-1.0
-1.0
0.556974181363382
0.5722283674296924
0.15984842380824904
0.16202913114019799
0.029439217117633178
-1.0
0.1037023078891268
0.5722283674296924
0.5151261600804795
0.10096067787137261
0.21902096064183676
0.35433475342571474
0.026283806654276223
0.5722283674296924
0.1795897500109418
-1.0
0.5722283674296924
0.5722283674296924
0.5722283674296924
0.5722283674296924
-1.0
0.15342675066470007
-1.0
0.4934337501753905
0.5722283674296924
0.3932568046922054
0.5722283674296924
-1.0
-1.0
0.5722283674296924
-1.0
0.12324767610196538
0.5722283674296924
-1.0
0.48766944036409743
-1.0
-1.0
0.5722283674296924
0.3890739665077725
0.5722283674296924
0.2768685066519412
-1.0
0.2015687545638589
0.5722283674296924
-1.0
0.5722283674296924
0.5722283674296924
0.24341730987306492
-1.0
0.06646271107344909
0.5722283674296924
-1.0
-1.0
0.5443225868750309
0.3995927460648992
-1.0
0.1905389203032836
0.36025694487628024
0.5722283674296924
0.5722283674296924
0.5722283674296924
-1.0
-1.0
0.5334208632639648
0.5722283674296924
0.4811410748449869
-1.0
0.5722283674296924
0.25704841701537356
0.5722283674296924
0.5722283674296924
0.5722283674296924
0.5722283674296924
-1.0
-1.0
-1.0
-1.0
0.49259646210520247
0.5722283674296924
-1.0
0.5722283674296924
-1.0
0.5722283674296924
0.5334208632639648
0.5286048261294523
0.0
0.2500566586522571
0.5722283674296924
0.5722283674296924
0.03783337076025351
-1.0
0.5722283674296924
-1.0
-1.0
0.556974181363382
0.5075441378874902
0.5722283674296924
0.5722283674296924
0.434680302954187
-1.0
0.1405232259462576
-1.0
0.5722283674296924
0.5722283674296924
0.1330738146886383
-1.0
0.529724373477755
-1.0
0.556974181363382
-1.0
0.3910773070471536
0.5722283674296924
0.5722283674296924
0.2535272990682299
0.5722283674296924
-1.0
0.5722283674296924
0.556974181363382
0.40215070117731433
0.5722283674296924
0.3282110662550942
0.08234256195192383
-1.0
-1.0
0.5722283674296924
-1.0
0.2795948732337181
0.5722283674296924
-1.0
0.513317085410502
0.0
-1.0
0.5722283674296924
-1.0
-1.0
-1.0
-1.0
0.3531198281299939
-1.0
0.556974181363382
0.1432590493137746
0.26164396247938543
0.28628652174825875
0.5722283674296924
0.556974181363382
-1.0
-1.0
0.5722283674296924
-1.0
0.5722283674296924
0.5151261600804795
0.5722283674296924
-1.0
-1.0
-1.0
-1.0
0.055548692767087876
0.5237887889949397
0.5722283674296924
0.5722283674296924
0.5722283674296924
0.5722283674296924
0.5722283674296924
-1.0
0.5722283674296924
-1.0
0.0
0.5722283674296924
0.4243716607966408
0.42082600852350394
-1.0
0.4753767650336939
0.04167127842359593
-1.0
0.556974181363382
-1.0
0.529724373477755
0.5722283674296924
-1.0
0.5443225868750309
-1.0
0.387799508926903
0.5722283674296924
0.1285456338312923
0.5722283674296924
0.5443225868750309
0.019348796285676827
0.5722283674296924
0.5443225868750309
0.5722283674296924
0.5722283674296924
-1.0
0.5443225868750309
-1.0
0.3114618949068694
-1.0
0.2932658401946168
0.5443225868750309
0.5722283674296924
0.391103569091825
0.5443225868750309
-1.0
0.32340136340240044
0.5334208632639648
0.18941043917689004
0.3065436276571586
-1.0
0.0015883562386658917
0.5722283674296924
-1.0
0.5722283674296924
0.03484211122759838
0.06263337410882783
0.5722283674296924
-1.0
0.556974181363382
0.5722283674296924
-1.0
0.5722283674296924
0.556974181363382
0.5722283674296924
0.3552856062812626
-1.0
0.5334208632639648
0.556974181363382
-1.0
0.41115985396427074
0.5722283674296924
0.4080609311772724
0.5722283674296924
-1.0
0.05553159628627788
0.5722283674296924
0.556974181363382
0.48690538465627997
0.5722283674296924
0.5722283674296924
0.5722283674296924
0.39085241138454824
0.4654742834926534
-1.0
-1.0
0.33484575443149484
0.5388717250694978
-1.0
0.3406774693347154
0.5237887889949397
0.5722283674296924
0.5388717250694978
0.2828922175299871
0.4349776072273691
0.5388717250694978
0.5722283674296924
0.5722283674296924
0.5722283674296924
-1.0
0.16137024993080457
0.008892793518172029
0.40820473896429177
0.5722283674296924
0.5722283674296924
0.5722283674296924
0.16924965885700652
0.5722283674296924
0.5072314422197648
0.556974181363382
0.032297443148780816
0.431170098432767
0.4494996832764401
0.17818839009666476
